x=3.27237796783447
y=-0.392548203468323
z=3.99879503250122
rx=9.35238647460938
ry=212.445098876953
rz=235.852005004883
fov=54.2550086975098
near=0.01
far=1000
disableStandardAssets=False
frameSkip=0